      0/49        0G   0.07311   0.02147         0   0.09457        10       640   0.05979   0.08333   0.01253   0.00156   0.08962   0.02221         0
      1/49        0G   0.07587   0.02075         0   0.09661         9       640   0.07689   0.08333    0.0148  0.001875     0.088    0.0219         0
      2/49        0G   0.07213   0.02095         0   0.09308        10       640   0.04941   0.08333   0.01292  0.001545   0.08614   0.02165         0
      3/49        0G   0.07607   0.01992         0   0.09599         8       640   0.02859    0.1667  0.009746  0.001405   0.08453   0.02137         0
      4/49        0G   0.06981   0.02083         0   0.09064        17       640   0.09951     0.125   0.02689   0.00483   0.08122   0.02141         0
      5/49        0G   0.07304   0.02046         0    0.0935        15       640    0.1133    0.1667   0.04697  0.006351   0.07903   0.02025         0
      6/49        0G    0.0714   0.02209         0    0.0935        24       640   0.06427    0.2917   0.03555  0.005755   0.07818   0.01985         0
      7/49        0G   0.06058   0.02003         0   0.08061        18       640   0.05662      0.25   0.03016  0.005825   0.07692   0.02052         0
      8/49        0G   0.07097   0.02046         0   0.09143        18       640   0.07881    0.1667   0.03566  0.009658    0.0756   0.02008         0
      9/49        0G   0.07331   0.01861         0   0.09192        12       640    0.1485      0.25   0.05852   0.01038   0.07384   0.01924         0
     10/49        0G    0.0712   0.02011         0   0.09131        22       640    0.1322    0.2917   0.05642   0.01161   0.07232   0.01928         0
     11/49        0G   0.06957   0.02221         0   0.09179        25       640    0.2631    0.2083    0.1088   0.01671    0.0708    0.0193         0
     12/49        0G   0.06743   0.01847         0    0.0859        15       640    0.4122    0.2083    0.1168   0.01676   0.07059   0.01891         0
     13/49        0G   0.05759   0.01879         0   0.07638        12       640    0.1872      0.25   0.07034   0.01146   0.07064   0.01849         0
     14/49        0G   0.06834   0.01919         0   0.08753        18       640    0.3015    0.2917    0.1371    0.0343   0.07054   0.01814         0
     15/49        0G   0.06238   0.01776         0   0.08014         9       640    0.3753    0.2007     0.138   0.04333   0.06897   0.01829         0
     16/49        0G   0.06907   0.01967         0   0.08875        19       640    0.3187    0.2083    0.1417    0.0401   0.06817   0.01839         0
     17/49        0G   0.06026   0.01551         0   0.07576         8       640    0.1695    0.3333    0.1419   0.02309   0.06444   0.01894         0
     18/49        0G   0.06638   0.01819         0   0.08456        16       640    0.1585    0.2917   0.08075   0.01418   0.06354   0.01879         0
     19/49        0G    0.0692   0.01837         0   0.08758        13       640    0.3309      0.25    0.1825   0.03879   0.06243   0.01868         0
     20/49        0G   0.04819   0.01658         0   0.06477         7       640    0.2305    0.2917     0.159   0.03853   0.06029   0.01888         0
     21/49        0G    0.0522   0.01682         0   0.06901        15       640    0.1999      0.25    0.1462   0.05301   0.05894   0.01906         0
     22/49        0G   0.06474   0.01926         0   0.08399        26       640    0.2556    0.2083    0.1553   0.07274    0.0614   0.01901         0
     23/49        0G   0.05173   0.01902         0   0.07076        23       640    0.1899    0.4007    0.1734   0.07868    0.0552   0.02016         0
     24/49        0G   0.05659   0.01786         0   0.07446         9       640    0.2495      0.25    0.1785   0.07728   0.05263    0.0206         0
     25/49        0G   0.06606   0.01797         0   0.08403        19       640    0.3154    0.2917    0.2103   0.09616    0.0528   0.02033         0
     26/49        0G   0.05795   0.01554         0   0.07349         8       640    0.3186    0.2917    0.2198   0.07111   0.05331      0.02         0
     27/49        0G   0.04603   0.01545         0   0.06148         5       640    0.2615    0.4167    0.2188    0.0704   0.05401   0.01965         0
     28/49        0G   0.05305   0.01567         0   0.06872        10       640    0.4979    0.2917    0.3294    0.1106   0.05603   0.01925         0
     29/49        0G   0.05045   0.01566         0   0.06611         9       640    0.2384       0.5    0.2813     0.133   0.05435   0.01943         0
     30/49        0G   0.05785   0.01609         0   0.07393        10       640    0.3087    0.5417     0.352    0.1669   0.05217   0.01985         0
     31/49        0G   0.05176   0.01444         0    0.0662         8       640    0.3557    0.5752    0.3765    0.1295   0.05368   0.01939         0
     32/49        0G   0.05546   0.01757         0   0.07303        17       640     0.376    0.5833    0.3922    0.1228   0.05398     0.019         0
     33/49        0G   0.05695   0.01649         0   0.07344        15       640    0.3962    0.6667    0.4514    0.1365   0.05328   0.01914         0
     34/49        0G   0.06043   0.02003         0   0.08046        24       640    0.3741      0.75    0.4708    0.1582   0.05186   0.01926         0
     35/49        0G   0.05146   0.01676         0   0.06822        18       640     0.618    0.4167    0.4889    0.1586     0.051   0.01915         0
     36/49        0G   0.06124   0.01763         0   0.07887        18       640    0.4458     0.704     0.526    0.2107   0.05246   0.01862         0
     37/49        0G   0.06248    0.0162         0   0.07868        12       640    0.4992    0.5833    0.5198     0.219   0.05333   0.01839         0
     38/49        0G   0.05606   0.01867         0   0.07473        22       640    0.4644    0.5781    0.5036    0.2227   0.05242   0.01851         0
     39/49        0G   0.06126   0.02079         0   0.08206        25       640    0.4776    0.7083    0.5788    0.2324    0.0531   0.01829         0
     40/49        0G   0.05818   0.01603         0    0.0742        15       640    0.7038    0.4953    0.5649    0.2383   0.05298   0.01824         0
     41/49        0G   0.04982   0.01729         0   0.06711        12       640    0.5504     0.625    0.5534    0.2239   0.05334     0.018         0
     42/49        0G   0.06068   0.01764         0   0.07832        18       640    0.6001    0.5833    0.5742    0.2354   0.05343   0.01786         0
     43/49        0G   0.05612   0.01611         0   0.07223         9       640    0.6324    0.5833    0.5913    0.2364   0.05343   0.01779         0
     44/49        0G   0.05899   0.01898         0   0.07797        19       640    0.6361    0.5833    0.5344    0.2253    0.0538    0.0176         0
     45/49        0G   0.05374   0.01353         0   0.06727         8       640     0.591    0.6667    0.5549    0.2396   0.05364    0.0177         0
     46/49        0G    0.0496   0.01658         0   0.06618        16       640    0.6066    0.5783    0.5297    0.2364     0.053   0.01787         0
     47/49        0G   0.05743   0.01743         0   0.07486        13       640    0.5169    0.5417    0.4898    0.2364   0.05257   0.01797         0
     48/49        0G    0.0443   0.01489         0   0.05919         7       640    0.5996    0.6239     0.544    0.2082   0.05278   0.01786         0
     49/49        0G   0.04566   0.01548         0   0.06114        15       640    0.5777    0.5833    0.5348    0.2299     0.052   0.01803         0
     50/99        0G   0.05968    0.0182         0   0.07788        66       640    0.5933    0.4737    0.4481    0.1317   0.05388   0.01173         0
     51/99        0G   0.05147   0.01495         0   0.06641        53       640    0.6391    0.4737    0.4783    0.1055   0.04766   0.01161         0
     52/99        0G   0.05624   0.01688         0   0.07313        59       640    0.4798    0.6842    0.5214    0.1572    0.0423   0.01178         0
     53/99        0G   0.05706   0.01596         0   0.07301        75       640    0.5199    0.6842    0.5342     0.214   0.04425   0.01153         0
     54/99        0G    0.0541   0.01632         0   0.07041        63       640     0.571    0.6305    0.6313     0.205   0.04364    0.0114         0
     55/99        0G   0.05261    0.0149         0   0.06752        67       640     0.714    0.5263    0.5793    0.1886   0.04411   0.01145         0
     56/99        0G   0.05062   0.01693         0   0.06755        80       640    0.6921    0.4737    0.6133     0.268   0.04246    0.0115         0
     57/99        0G   0.05831   0.01487         0   0.07317        70       640    0.7692    0.5263    0.6913    0.1943   0.04446   0.01137         0
     58/99        0G   0.06092   0.01747         0   0.07839        82       640    0.7495    0.4737    0.5802    0.2348   0.04388   0.01131         0
     59/99        0G   0.05655   0.01474         0   0.07128        45       640    0.4992    0.7368    0.5638    0.1559   0.04473    0.0113         0
     60/99        0G   0.05019   0.01325         0   0.06344        55       640    0.4832    0.7873     0.647    0.2753   0.04526   0.01087         0
     61/99        0G   0.06166     0.018         0   0.07965        71       640    0.5711    0.8411    0.7433    0.3154   0.04345   0.01082         0
     62/99        0G   0.05026   0.01514         0    0.0654        59       640    0.6247    0.7886    0.7292    0.2476   0.04324    0.0107         0
     63/99        0G   0.05326   0.01548         0   0.06874        73       640    0.7221    0.8421    0.8325     0.378   0.04181   0.01066         0
     64/99        0G   0.05004     0.015         0   0.06504        67       640    0.9147    0.5789    0.7607    0.3031   0.04294   0.01055         0
     65/99        0G   0.05388   0.01602         0    0.0699        39       640    0.5385    0.7368    0.5916     0.226    0.0455   0.01052         0
     66/99        0G   0.04679   0.01393         0   0.06071        52       640    0.6795    0.7895    0.8274    0.1845   0.04536   0.01044         0
     67/99        0G   0.05721   0.01634         0   0.07356        83       640    0.7715    0.8947    0.8435    0.2932    0.0429    0.0105         0
     68/99        0G   0.05784   0.01507         0   0.07291        76       640    0.8485    0.8947    0.9072    0.2927   0.04122   0.01048         0
     69/99        0G   0.05147   0.01321         0   0.06468        50       640    0.4731    0.9451    0.5109    0.1634   0.04313   0.01043         0
     70/99        0G   0.05194   0.01602         0   0.06797        72       640    0.8569    0.9458    0.9514    0.2861   0.04109   0.01041         0
     71/99        0G   0.04175   0.01225         0   0.05399        65       640    0.6657    0.9474    0.7957    0.3481    0.0391   0.01029         0
     72/99        0G    0.0547   0.01616         0   0.07085        60       640    0.6549    0.9987    0.7751    0.1989   0.04034   0.01017         0
     73/99        0G   0.04605   0.01504         0   0.06109        68       640       0.9    0.9474    0.9611    0.3996   0.03846   0.01026         0
     74/99        0G   0.05785   0.01505         0    0.0729        83       640    0.6666    0.9474    0.7918    0.2088   0.03905   0.01024         0
     75/99        0G    0.0484    0.0134         0    0.0618        69       640    0.8947    0.8947    0.9507    0.3483   0.03891   0.01015         0
     76/99        0G   0.04338   0.01549         0   0.05887        76       640    0.9473    0.9474    0.9679    0.4181   0.03777   0.01008         0
     77/99        0G   0.05123   0.01375         0   0.06498        49       640    0.6205    0.9474    0.7771    0.2874   0.03979  0.009815         0
     78/99        0G   0.05196   0.01535         0   0.06731        66       640    0.5935         1    0.7156    0.1506   0.04053  0.009734         0
     79/99        0G   0.04323   0.01259         0   0.05582        53       640    0.7306         1    0.8952    0.4288   0.03784  0.009776         0
     80/99        0G   0.05111   0.01471         0   0.06582        59       640    0.7726    0.8941    0.8829    0.3494   0.03824  0.009748         0
     81/99        0G    0.0464   0.01363         0   0.06003        75       640         1    0.8418    0.9689    0.4492   0.03852  0.009742         0
     82/99        0G   0.04454   0.01369         0   0.05823        63       640    0.6786         1    0.8374    0.3419   0.03873  0.009628         0
     83/99        0G   0.03618    0.0128         0   0.04898        67       640     0.791         1    0.8871    0.4846   0.03794  0.009609         0
     84/99        0G   0.04488    0.0155         0   0.06037        80       640    0.9044         1     0.959    0.4682    0.0369  0.009499         0
     85/99        0G   0.05259   0.01413         0   0.06672        70       640    0.9497         1    0.9875    0.5756   0.03701  0.009384         0
     86/99        0G   0.05327   0.01698         0   0.07025        82       640      0.95    0.9992     0.982    0.6353   0.03744  0.009327         0
     87/99        0G   0.04287   0.01396         0   0.05683        45       640    0.9493         1     0.982    0.6791   0.03618  0.009389         0
     88/99        0G   0.04187   0.01243         0    0.0543        55       640    0.9474    0.9472    0.9745    0.6793    0.0343  0.009475         0
     89/99        0G   0.05484   0.01706         0   0.07191        71       640    0.9466    0.9474    0.9772    0.3709   0.03861  0.009522         0
     90/99        0G   0.03797   0.01377         0   0.05174        59       640    0.9048         1    0.9819    0.4723   0.03579  0.009443         0
     91/99        0G   0.03946     0.014         0   0.05346        73       640    0.8636         1    0.9528    0.5769   0.03588  0.009391         0
     92/99        0G   0.04139   0.01406         0   0.05546        67       640      0.95    0.9991     0.982    0.6168    0.0346  0.009415         0
     93/99        0G   0.04292   0.01486         0   0.05778        39       640    0.9047    0.9995    0.9596    0.5733   0.03665  0.009351         0
     94/99        0G   0.03565   0.01325         0    0.0489        52       640    0.9458    0.9474    0.9798    0.5581   0.03567  0.009395         0
     95/99        0G   0.04887   0.01557         0   0.06444        83       640    0.9046         1    0.9819    0.7129   0.03604  0.009337         0
     96/99        0G   0.05245   0.01471         0   0.06715        76       640    0.9044         1    0.9827    0.4997   0.03696  0.009412         0
     97/99        0G   0.04726   0.01242         0   0.05968        50       640    0.9047         1    0.9827    0.6533    0.0368  0.009367         0
     98/99        0G   0.04175    0.0151         0   0.05686        72       640      0.95    0.9991    0.9875     0.605   0.03671  0.009335         0
     99/99        0G   0.04423   0.01163         0   0.05586        65       640    0.9047         1     0.985    0.6035   0.03643   0.00936         0
